1511447960.461090087891 0.000000000000 0.000000000000 0.000000000000 0.000000000000 -0.000000000000 0.000000000000 1.000000000000
1511447960.670767068863 -0.000376425742 -0.007139640860 0.003258471377 -0.000317221038 0.000083021674 0.000094306871 0.999999941792
1511447960.880464076996 -0.000680669909 -0.003281919518 0.002192558488 -0.000263039388 0.000123870178 -0.000012352206 0.999999957657
1511447961.090126991272 -0.002256401815 -0.002462765202 -0.000006259101 -0.000002655093 0.000023027834 0.000031120445 0.999999999247
1511447961.299791097641 -0.001466394169 -0.001718642889 0.000602247426 0.000008223358 0.000252604346 0.000083812752 0.999999964549
1511447961.509496927261 -0.004143922590 -0.007281374652 -0.005974323954 -0.000213893597 -0.000098432789 0.000193341857 0.999999953590
1511447961.719157934189 0.002027683891 -0.006278160959 -0.002512878506 -0.000132127829 0.000092962533 0.000162309658 0.999999973778
1511447961.928822994232 -0.003168210853 -0.009162244387 -0.002052156487 -0.000036735381 0.000006679775 -0.000159332559 0.999999986610
1511447962.138542890549 0.005397192203 -0.005990393460 -0.002209210303 0.000105249833 -0.000149936230 -0.000169045196 0.999999968933
1511447962.348206043243 0.001579440548 0.000133081456 -0.001596908667 0.000174516263 0.000334103069 0.000099942478 0.999999923965
1511447962.557869911194 0.002576774918 0.003050523344 0.000202150375 0.000201499979 0.000236229898 0.000341578120 0.999999893459
1511447962.767535924911 -0.003023060737 -0.000868530362 -0.004024898633 0.000432414604 0.000011298599 0.000623964376 0.999999711779
1511447962.977216005325 0.008383485489 -0.000862487243 -0.007338166237 0.000239968471 -0.000290736417 0.000101048879 0.999999923838
1511447963.186887979507 -0.004059171304 0.002948423382 0.009449996054 0.000009315122 0.000475564301 0.000402201927 0.999999805993
1511447963.396565914154 -0.008215206675 0.004613018595 0.004533374682 0.000151229602 0.000182806865 0.000614851201 0.999999782835
1511447963.606242895126 0.007106051315 0.007113040891 0.006532016676 0.000349281736 0.000335794927 0.000318086167 0.999999832033
1511447963.815942049026 0.028212832287 0.005238221958 0.001039957511 0.000218638944 0.000272362807 0.000474480759 0.999999826442
1511447964.025604009628 0.047894343734 0.005517090671 -0.003885352286 0.000119208013 0.000251316406 0.000472348771 0.999999849758
1511447964.235258102417 0.074958451092 0.010319658555 -0.008117679507 0.000275967279 -0.000355651978 0.000316482783 0.999999848596
1511447964.444961071014 0.091534487903 0.011782401241 -0.013905989006 0.000360609231 -0.000098572747 0.000105418721 0.999999924566
1511447964.654644966125 0.118576154113 0.011437779292 -0.016867486760 0.000216995041 -0.000268374989 0.000396793130 0.999999861722
1511447964.864301919937 0.147573977709 0.014374206774 -0.020388735458 0.000149715641 -0.000239577800 0.000331720342 0.999999905075
1511447965.073971033096 0.185874611139 0.020850446075 -0.028178954497 0.000345911936 -0.000329542911 0.000047320193 0.999999884754
1511447965.283694982529 0.226415872574 0.018162643537 -0.022995606065 0.000082254352 0.000039202938 0.000340650407 0.999999937827
1511447965.493352890015 0.285282671452 0.021450856701 -0.032240986824 0.000002447750 -0.000063918469 0.000120140368 0.999999990737
1511447965.703035116196 0.346217423677 0.026130920276 -0.039429828525 -0.000094858033 0.000030722487 -0.000132089096 0.999999986305
1511447965.912704944611 0.426275283098 0.030487192795 -0.051932163537 -0.000298114831 -0.000426298094 -0.001139773652 0.999999215156
1511447966.122420072556 0.502460300922 0.035352405161 -0.056285992265 -0.000501512973 -0.000125102745 -0.001046018905 0.999999319339
1511447966.332072019577 0.604527175426 0.038838833570 -0.065172225237 -0.000573423684 -0.000315125197 -0.001262680803 0.999998988759
1511447966.541748046875 0.690175652504 0.041526462883 -0.072839550674 -0.000629808540 -0.000123986681 -0.001814895199 0.999998147060
1511447966.751405000687 0.785279393196 0.048746544868 -0.092038400471 -0.000389028996 -0.000196681697 -0.002393732935 0.999997040003
1511447966.961090087891 0.893961369991 0.056013341993 -0.102319583297 -0.000571210210 -0.000226813195 -0.002780088112 0.999995946684
1511447967.170784950256 1.001949548721 0.059106141329 -0.114616505802 -0.000237324743 -0.000321583254 -0.003271901340 0.999994567447
1511447967.380480051041 1.115513324738 0.067757897079 -0.119757965207 -0.000281450025 -0.000089541417 -0.003628777396 0.999993372349
1511447967.590128898621 1.232827782631 0.068442389369 -0.130215749145 -0.000379668443 -0.000401599260 -0.004009482073 0.999991809278
1511447967.799796104431 1.360083341599 0.075539506972 -0.135894209146 -0.000308488932 -0.000147348238 -0.004855745591 0.999988152359
1511447968.009483098984 1.493782043457 0.093134723604 -0.146227926016 -0.000555165715 -0.000156557295 -0.005234894451 0.999986131484
1511447968.219163894653 1.630319952965 0.083166323602 -0.151024878025 -0.000668516270 0.000205712160 -0.006999867588 0.999975256005
1511447968.428870916367 1.781728029251 0.091752767563 -0.161087602377 -0.000547343207 0.000093262725 -0.007550712718 0.999971338817
1511447968.638631105423 1.931728243828 0.092067584395 -0.156683489680 -0.000839620937 0.000084182636 -0.008003793005 0.999967613099
1511447968.848215103149 2.089715242386 0.092365853488 -0.156578496099 -0.000832116577 -0.000097982004 -0.009187069313 0.999957446964
1511447969.057894945145 2.255973339081 0.098660439253 -0.173607513309 -0.000659908056 -0.000488404855 -0.010344749265 0.999946154623
1511447969.267535924911 2.438880205154 0.109931178391 -0.174772411585 -0.000292468329 -0.000499514971 -0.011321244846 0.999935745117
1511447969.477271080017 2.627818584442 0.106599114835 -0.170924380422 -0.000089685411 -0.000464838081 -0.012352802490 0.999923589157
1511447969.686893939972 2.824484825134 0.116862483323 -0.171942591667 -0.000133178267 -0.000751932970 -0.014191012740 0.999899010909
1511447969.896600008011 3.028990745544 0.121446542442 -0.165412738919 0.000069138488 -0.000601092040 -0.015541390006 0.999879042237
1511447970.106256008148 3.235968351364 0.133595556021 -0.168882176280 -0.000048621793 -0.000666312401 -0.017026377216 0.999854817532
1511447970.315933942795 3.468954563141 0.127570435405 -0.173059552908 -0.000563632690 -0.000585693601 -0.018573637381 0.999827164702
1511447970.525612115860 3.689233303070 0.130487442017 -0.171988368034 -0.000001868572 -0.000439454036 -0.020081480475 0.999798250158
1511447970.735282897949 3.931427717209 0.128306895494 -0.172343179584 0.000390658907 -0.000549555874 -0.021855042644 0.999760922663
1511447970.944966077805 4.168451786041 0.129867628217 -0.165622949600 0.000377948609 0.000314946961 -0.022596011471 0.999744556489
1511447971.154622077942 4.408987522125 0.134917601943 -0.167627066374 0.000577428255 -0.000450681873 -0.022988208094 0.999735467887
1511447971.364306926727 4.659015178680 0.140799641609 -0.173103421926 0.000893003340 -0.000682572437 -0.023790660595 0.999716330320
1511447971.573983907700 4.908457279205 0.136773616076 -0.188106954098 0.001553052908 -0.001073097945 -0.024644243467 0.999694502211
1511447971.783684968948 5.161419391632 0.130997627974 -0.183531358838 0.001676482004 -0.000867002541 -0.024866098926 0.999689009062
1511447971.993334054947 5.395337104797 0.131363391876 -0.185148403049 0.001102008451 -0.000542272059 -0.024965691162 0.999687554080
1511447972.203018903732 5.643827915192 0.129450470209 -0.187732830644 0.001235133731 -0.000775501224 -0.024889446450 0.999689145934
1511447972.412708044052 5.894236087799 0.121316626668 -0.185587674379 0.001369935870 -0.001228532410 -0.024956212925 0.999686851679
1511447972.622395038605 6.142735958099 0.123707316816 -0.188574030995 0.001043132029 -0.001021494924 -0.024703071743 0.999693766446
1511447972.832072973251 6.382012367249 0.111559912562 -0.181922242045 0.000560734033 -0.001083145404 -0.024516185705 0.999698689112
1511447973.041733980179 6.631221294403 0.111237168312 -0.185155957937 0.000820314840 -0.001282235906 -0.023992539217 0.999710978742
1511447973.251430034637 6.863653659821 0.121304437518 -0.191161751747 0.001041082627 -0.001293105737 -0.023719965552 0.999717263659
1511447973.461098909378 7.113189220428 0.090441010892 -0.184428542852 0.000564422279 -0.001302789912 -0.022863444913 0.999737589097
1511447973.670783996582 7.348250389099 0.102556511760 -0.188400760293 0.001107155849 -0.001512459729 -0.022680711436 0.999741002460
1511447973.880453109741 7.596422195435 0.100611403584 -0.183119341731 0.000253385404 -0.001242628424 -0.021948767354 0.999758292430
1511447974.090126037598 7.840664863586 0.107428640127 -0.180384725332 0.000462768398 -0.001260747240 -0.022232728419 0.999751920303
1511447974.299808025360 8.075789451599 0.101253263652 -0.176210463047 0.000135030911 -0.000730237510 -0.022025033289 0.999757143725
1511447974.509505033493 8.319512367249 0.106835834682 -0.175071194768 -0.000040255239 -0.001399946244 -0.021585100304 0.999766033617
1511447974.719153881073 8.552535057068 0.094641596079 -0.176572188735 0.000151135058 -0.001307289201 -0.021529652844 0.999767344036
1511447974.928834915161 8.790826797485 0.092178560793 -0.176515698433 0.000298975694 -0.001248895905 -0.021085275443 0.999776856119
1511447975.138545989990 9.024268150330 0.095545858145 -0.178216919303 0.000226114344 -0.001255927975 -0.021174913368 0.999774971962
1511447975.348228931427 9.266070365906 0.084165826440 -0.173394307494 0.000293771745 -0.001103149859 -0.020334694298 0.999792576971
1511447975.557893991470 9.491985321045 0.081702366471 -0.178833022714 0.000450960352 -0.001001312500 -0.020155957069 0.999796244943
1511447975.767549991608 9.728503227234 0.084532178938 -0.173152983189 -0.000082549618 -0.000851161199 -0.019914807022 0.999801314848
1511447975.977235078812 9.960945129395 0.083010271192 -0.177374288440 0.000104492399 -0.001021305953 -0.019983572837 0.999799781372
1511447976.186927080154 10.189293861389 0.090208098292 -0.173643633723 0.000312744124 -0.001119398362 -0.020254831276 0.999794174292
1511447976.396599054337 10.429708480835 0.090319216251 -0.177217602730 0.000403211072 -0.000702488372 -0.021384466270 0.999770998046
1511447976.606259107590 10.654220581055 0.085976645350 -0.180104836822 0.000475968190 -0.000814052388 -0.021306418682 0.999772547781
1511447976.815931081772 10.877458572388 0.089419059455 -0.175317808986 0.000509807235 -0.000980081144 -0.021182005204 0.999775025790
1511447977.025599956512 11.120248794556 0.081138752401 -0.175381004810 0.000237075642 -0.001056892751 -0.021293500344 0.999772680971
1511447977.235291004181 11.351531982422 0.079936213791 -0.174989357591 0.000290869010 -0.001007065629 -0.022168303646 0.999753703433
1511447977.444991111755 11.572021484375 0.080265164375 -0.177748784423 0.000338744470 -0.000787520210 -0.023257649872 0.999729136710
1511447977.654639005661 11.800193786621 0.084738992155 -0.171023532748 0.000250380362 -0.000663816720 -0.023478407649 0.999724092453
1511447977.864331007004 12.034646034241 0.080169335008 -0.179756045341 0.001155204426 -0.001089617661 -0.023133809472 0.999731116398
1511447978.074002981186 12.254844665527 0.080369181931 -0.174743756652 0.000867202208 -0.001032787446 -0.023440821885 0.999724316589
1511447978.283682107925 12.475553512573 0.067879043519 -0.173372060061 0.000643800707 -0.000545879122 -0.022806568136 0.999739540074
1511447978.493366003036 12.717997550964 0.071455746889 -0.170971855521 0.000664756824 -0.000608237292 -0.023783605490 0.999716724005
1511447978.703037023544 12.946942329407 0.071542307734 -0.175042986870 0.000685643764 -0.000617264996 -0.024434891589 0.999700997774
1511447978.912725925446 13.183506965637 0.058427970856 -0.173710137606 0.001325080985 -0.000270599260 -0.025758164349 0.999667288604
1511447979.122389078140 13.419474601746 0.066885493696 -0.180844783783 0.001074975117 -0.000272368975 -0.025541136880 0.999673156872
1511447979.332056999207 13.647091865540 0.065114162862 -0.180050969124 0.000752896404 -0.000089773570 -0.025622353964 0.999671406046
1511447979.541774988174 13.893226623535 0.058447882533 -0.179565891623 0.000825153756 0.000062449047 -0.025711955734 0.999669050513
1511447979.751447916031 14.122755050659 0.065127097070 -0.180543243885 0.001190465308 -0.000135236470 -0.026102856033 0.999658544409
1511447979.961106061935 14.378075599670 0.051783137023 -0.173637896776 0.000981229728 -0.000009487049 -0.026242997462 0.999655111617
1511447980.170782089233 14.599667549133 0.052072197199 -0.183603301644 0.000283357156 -0.000548778375 -0.026992158637 0.999635454515
1511447980.380462884903 14.841143608093 0.049830112606 -0.180285826325 0.000356202345 -0.000332121139 -0.026192814584 0.999656790744
1511447980.590136051178 15.084144592285 0.039866011590 -0.173755675554 0.000820955991 -0.000108605705 -0.026638038400 0.999644801490
1511447980.799820899963 15.324687004089 0.042842734605 -0.178445070982 0.000084808241 0.000102884715 -0.026329088845 0.999653320558
1511447981.009484052658 15.576557159424 0.039635956287 -0.178597569466 0.000381134630 -0.000058052862 -0.026744670741 0.999642222974
1511447981.219166994095 15.831177711487 0.034424301237 -0.175360202789 0.000195553892 -0.000359362109 -0.026912098380 0.999637720166
1511447981.428849935532 16.080968856812 0.031307019293 -0.177889391780 0.001118135553 -0.000947101040 -0.027980082068 0.999607406825
1511447981.638521909714 16.330463409424 0.021220847964 -0.175837352872 0.000777436248 -0.001492613063 -0.027506986763 0.999620194563
1511447981.848202943802 16.594802856445 0.009983415715 -0.181585013866 0.001670846034 -0.001438345020 -0.027261741432 0.999625898470
1511447982.057889938354 16.827985763550 0.019810963422 -0.183662384748 0.001874449898 -0.001796003027 -0.027824788328 0.999609444716
1511447982.267559051514 17.092601776123 0.009870897047 -0.179474845529 0.001393274547 -0.002238320917 -0.026741475954 0.999638905890
1511447982.477238893509 17.340442657471 0.011338623241 -0.175963699818 0.001312067963 -0.002192462896 -0.027333839403 0.999623095375
1511447982.686916112900 17.592735290527 0.007148295641 -0.172044724226 0.001585280377 -0.002400756899 -0.027351633040 0.999621734169
1511447982.896589040756 17.851394653320 -0.014936828054 -0.176216244698 0.000528888759 -0.002515858381 -0.027213051767 0.999626350466
1511447983.106270074844 18.107162475586 0.000323113898 -0.174203112721 0.001132355185 -0.002553369761 -0.026390497877 0.999647807829
1511447983.315951108932 18.367923736572 -0.003023063065 -0.175545603037 0.001341158193 -0.002491003804 -0.026575551711 0.999642804329
1511447983.525621891022 18.625543594360 -0.014634780586 -0.167440637946 0.001327775027 -0.002506302884 -0.026282449867 0.999650533081
1511447983.735326051712 18.877782821655 -0.013762536459 -0.173480316997 0.002015092344 -0.002588608953 -0.026412668161 0.999645741984
1511447983.944968938828 19.139682769775 -0.026737075299 -0.178628459573 0.002185446387 -0.002209377356 -0.025747390638 0.999663650610
1511447984.154659986496 19.387315750122 -0.019296621904 -0.174735590816 0.001955889711 -0.002171321059 -0.026132127938 0.999654226095
1511447984.364361047745 19.664655685425 -0.036311488599 -0.168180286884 0.002123894814 -0.002009970998 -0.024776993992 0.999688726382
1511447984.574012041092 19.926952362061 -0.040947522968 -0.166371390224 0.000315111122 -0.001696921445 -0.025035536194 0.999685071955
1511447984.783677101135 20.185817718506 -0.025000482798 -0.161623597145 0.000996811239 -0.001429789728 -0.025168980311 0.999681691589
1511447984.993383884430 20.441818237305 -0.035651467741 -0.161151692271 0.001543645464 -0.001723006826 -0.024518419164 0.999696701769
1511447985.203038930893 20.701608657837 -0.028867026791 -0.158676952124 0.001821306660 -0.001818036851 -0.023882963604 0.999711449186
1511447985.412728071213 20.970806121826 -0.036403480917 -0.160449951887 0.001881871835 -0.001848551591 -0.023482041628 0.999720778586
1511447985.622392892838 21.234096527100 -0.050022084266 -0.157160401344 0.000888486325 -0.001770790748 -0.023374643203 0.999724812610
1511447985.832077980042 21.512308120728 -0.045263480395 -0.157279565930 0.001334214400 -0.002161598415 -0.021901434214 0.999756907725
1511447986.041743040085 21.768230438232 -0.045910462737 -0.161704763770 0.001535808389 -0.001756991454 -0.022006968497 0.999755093816
1511447986.251430988312 22.028871536255 -0.042781647295 -0.158786743879 0.001376865803 -0.002044328482 -0.021579986559 0.999764086743
1511447986.461144924164 22.294689178467 -0.060150045902 -0.151610031724 0.001074199613 -0.001803116944 -0.020797075362 0.999781514392
1511447986.670789957047 22.566137313843 -0.065764054656 -0.159493625164 0.000940087932 -0.002295834837 -0.020186433999 0.999793155237
1511447986.880467891693 22.838750839233 -0.062307480723 -0.152458414435 0.001321434230 -0.002238552341 -0.019680603772 0.999802938849
1511447987.090140104294 23.086458206177 -0.055312760174 -0.146817147732 0.001492165029 -0.002008239769 -0.019896418659 0.999798916253
1511447987.299818992615 23.361909866333 -0.055691715330 -0.148085132241 0.000775758873 -0.001902029335 -0.019410290568 0.999809492405
1511447987.509488105774 23.633104324341 -0.052644968033 -0.146144360304 0.001053937184 -0.001894939425 -0.018557455162 0.999825444405
1511447987.719176054001 23.905609130859 -0.042938008904 -0.147135511041 0.001596885197 -0.001943985390 -0.017323343325 0.999846774588
1511447987.928880929947 24.171100616455 -0.056815098971 -0.149710014462 0.000935416939 -0.002076757546 -0.018066948562 0.999834184974
1511447988.138591051102 24.430349349976 -0.050764396787 -0.151981875300 0.001379137661 -0.001576925599 -0.017816375285 0.999839081081
1511447988.348203897476 24.692876815796 -0.040653560311 -0.149535730481 0.001014178392 -0.001736374874 -0.018071535374 0.999834674361
1511447988.557888984680 24.967636108398 -0.041217539459 -0.145936414599 0.000934969861 -0.001496893453 -0.017773774991 0.999840476308
1511447988.767549037933 25.234199523926 -0.064956426620 -0.143301293254 0.000773187595 -0.001523072862 -0.016218940891 0.999867005349
1511447988.977242946625 25.507646560669 -0.038435176015 -0.149760842323 0.000891891862 -0.001987551870 -0.016618386059 0.999859531840
1511447989.186918020248 25.767000198364 -0.049531105906 -0.143179297447 0.001039191842 -0.001632567173 -0.015077923430 0.999884448839
1511447989.396595001221 26.043674468994 -0.045192148536 -0.146265164018 0.000817826459 -0.001804282354 -0.015066068945 0.999884537980
1511447989.606278896332 26.303295135498 -0.041108101606 -0.143572404981 0.000653915486 -0.001792518176 -0.015144182408 0.999883499720
1511447989.815953016281 26.583509445190 -0.043011944741 -0.141754835844 0.001199734383 -0.001876807870 -0.015128169448 0.999883081524
1511447990.025666952133 26.848154067993 -0.040847402066 -0.144424885511 0.000910378772 -0.001983970476 -0.014957657273 0.999885745253
1511447990.235313892365 27.128879547119 -0.037547953427 -0.145208522677 0.000960747293 -0.001808134534 -0.014821136221 0.999888064503
1511447990.444987058640 27.380640029907 -0.038455210626 -0.138036221266 0.000644053956 -0.002135756103 -0.014020606212 0.999899218092
1511447990.654658079147 27.660053253174 -0.024415578693 -0.144545659423 0.001272788119 -0.002455002530 -0.014078048661 0.999897075463
1511447990.864337921143 27.917989730835 -0.039939228445 -0.133124157786 0.000662806056 -0.002135616577 -0.013750193031 0.999902961303
1511447991.074018001556 28.193559646606 -0.036056105047 -0.133526220918 0.000613808678 -0.002186184755 -0.012911792533 0.999914061032
1511447991.283674955368 28.447704315186 -0.027665590867 -0.135736599565 0.000988063710 -0.002653349792 -0.013846786195 0.999900120001
1511447991.493381023407 28.711536407471 -0.024411823601 -0.129046097398 0.001043422510 -0.002829778731 -0.013857449246 0.999899432304
1511447991.703046083450 28.981552124023 -0.021216990426 -0.128185361624 0.001194888377 -0.002985069143 -0.013478917745 0.999903985581
1511447991.912725925446 29.264396667480 -0.012381629087 -0.123068906367 0.001818606307 -0.003516575421 -0.013163871569 0.999905514963
1511447992.122416019440 29.512742996216 -0.003163436195 -0.128152385354 0.000311787347 -0.003221879777 -0.012618652971 0.999915142338
1511447992.332086086273 29.780342102051 -0.000790255552 -0.129268422723 0.000745098192 -0.003765532764 -0.012623695773 0.999912950160
1511447992.541771888733 30.040323257446 -0.004358671606 -0.128066584468 0.000421559523 -0.003451728390 -0.012869509166 0.999911137848
1511447992.751441955566 30.302612304688 0.002744183177 -0.128706336021 0.000448090880 -0.003804490861 -0.012651500197 0.999912628486
1511447992.961112022400 30.572439193726 0.005478345323 -0.135687083006 0.001248281860 -0.003897462883 -0.012720947299 0.999910710551
1511447993.170784950256 30.836965560913 0.012462665327 -0.125124469399 0.000686509829 -0.003735694530 -0.012361877836 0.999916375137
1511447993.380486011505 31.108602523804 0.016146833077 -0.123293742537 0.000615394415 -0.003942072592 -0.012179017813 0.999917873067
1511447993.590167045593 31.333332061768 -0.004487453494 -0.119290105999 0.000418029533 -0.003680858194 -0.010099177646 0.999942139899
1511447993.799839973450 31.611122131348 0.027980359271 -0.115838363767 0.000766283659 -0.003666378248 -0.010060881985 0.999942372906
1511447994.009566068649 31.902009963989 0.027755895630 -0.117172151804 0.000586466479 -0.003777049548 -0.010974625603 0.999932471493
1511447994.219227075577 32.165672302246 0.014741593041 -0.114946670830 0.000358430328 -0.003592072640 -0.011443726337 0.999928002243
1511447994.428859949112 32.437648773193 0.045935399830 -0.115797758102 0.000345851491 -0.003378796009 -0.010032201526 0.999943907955
1511447994.638556957245 32.703792572021 0.038879148662 -0.118470333517 0.000956645256 -0.004098374078 -0.010789106388 0.999932939423
1511447994.848222970963 32.975158691406 0.042126525193 -0.113938152790 0.000923023559 -0.003834858660 -0.010622792799 0.999935797019
1511447995.057897090912 33.250087738037 0.045068833977 -0.105364426970 0.000508717060 -0.003643756439 -0.010569388720 0.999937374173
1511447995.267566919327 33.505371093750 0.056027885526 -0.101693078876 0.000482370897 -0.003651467045 -0.010698731600 0.999935983575
1511447995.477251052856 33.777320861816 0.072894915938 -0.101497948170 0.000778616778 -0.003749515059 -0.012139715971 0.999918977812
1511447995.686949014664 34.056049346924 0.063619308174 -0.098557017744 0.000947468450 -0.003706116460 -0.010894612102 0.999933334994
1511447995.896622896194 34.340286254883 0.060170035809 -0.098122514784 0.001033540582 -0.003778615369 -0.011094810636 0.999930777122
1511447996.106287002563 34.608779907227 0.065782345831 -0.101614587009 0.000519612900 -0.003372177410 -0.009922133168 0.999944953333
1511447996.315944910049 34.884677886963 0.077732592821 -0.095701485872 0.000712224409 -0.003340916722 -0.010089420683 0.999943265692
1511447996.525656938553 35.173454284668 0.091371685266 -0.092974901199 0.000664749999 -0.003509085393 -0.009269148948 0.999950662435
1511447996.735320091248 35.435005187988 0.088031604886 -0.098630681634 0.001451324099 -0.003461561742 -0.010061731598 0.999942334740
1511447996.944991111755 35.714572906494 0.084692701697 -0.092695735395 0.000938379861 -0.003256683258 -0.009963699483 0.999944617541
1511447997.154653072357 35.977600097656 0.093058496714 -0.094767130911 0.001010134230 -0.003382458372 -0.010571581524 0.999937888205
1511447997.364392995834 36.260395050049 0.097839526832 -0.092198587954 0.001610779917 -0.003540898799 -0.010398466511 0.999938367760
1511447997.574012994766 36.535511016846 0.103508509696 -0.086556375027 0.001099137782 -0.003480385109 -0.009954578344 0.999943791013
1511447997.783711910248 36.815952301025 0.120221003890 -0.085133962333 0.000652551084 -0.003242558029 -0.011146001555 0.999932411038
1511447997.993412017822 37.078594207764 0.106736965477 -0.084927484393 0.000766034110 -0.003856725713 -0.010065883143 0.999941606723
1511447998.203048944473 37.373035430908 0.129601642489 -0.079205162823 0.001188656771 -0.003592183388 -0.010095378384 0.999941881636
1511447998.412725925446 37.632183074951 0.135352715850 -0.081531129777 0.000582685274 -0.003818235810 -0.008852365213 0.999953357504
1511447998.622428894043 37.927989959717 0.134875372052 -0.074688091874 0.000297614765 -0.004070771384 -0.008981879137 0.999951331862
1511447998.832093000412 38.207798004150 0.138315185905 -0.077859543264 0.000945546134 -0.003836252033 -0.009576000810 0.999946343221
1511447999.041805028915 38.491672515869 0.127506285906 -0.083992153406 0.001009010673 -0.003608508602 -0.009514042140 0.999947720416
1511447999.251447916031 38.764926910400 0.142110839486 -0.074624739587 0.000453000764 -0.003533688276 -0.009209502845 0.999951245259
1511447999.461189985275 39.049884796143 0.142388820648 -0.073550634086 0.000305421342 -0.003516051284 -0.008927249065 0.999953923101
1511447999.670797109604 39.334449768066 0.130892217159 -0.068474121392 0.000325111063 -0.003629018618 -0.008366787106 0.999958359833
1511447999.880491971970 39.617156982422 0.162449479103 -0.063496448100 0.000302380789 -0.003136647946 -0.009499211934 0.999949916235
1511448000.090157985687 39.907676696777 0.166584819555 -0.064064182341 0.000600166911 -0.003392417742 -0.009807281516 0.999945972806
1511448000.299833059311 40.172687530518 0.177228033543 -0.061293944716 0.000321884187 -0.003276874900 -0.009030286585 0.999953805136
1511448000.509511947632 40.454292297363 0.180326074362 -0.061045859009 0.000737879657 -0.003153001951 -0.009055372146 0.999953756105
1511448000.719191074371 40.744163513184 0.186787843704 -0.060682192445 0.000418441200 -0.003220746616 -0.009274075227 0.999951720448
1511448000.928869962692 41.031219482422 0.189214065671 -0.059071816504 0.000263651609 -0.002908880651 -0.009238212818 0.999953061061
1511448001.138545989990 41.321758270264 0.193176895380 -0.064076110721 0.000567520420 -0.003057571627 -0.009506913037 0.999949972639
1511448001.348217010498 41.602077484131 0.201593831182 -0.061855424196 0.000380470361 -0.003012965252 -0.009713672471 0.999948209584
1511448001.557919025421 41.880462646484 0.214866608381 -0.053659100085 0.000031755596 -0.002965390517 -0.010523990700 0.999940223749
1511448001.767580986023 42.168609619141 0.209925577044 -0.056776151061 0.000532004688 -0.003156326317 -0.010467937507 0.999940086635
1511448001.977255105972 42.454120635986 0.214583262801 -0.057178530842 0.000654216392 -0.003611339688 -0.011384058412 0.999928464162
1511448002.186928033829 42.720413208008 0.215368315578 -0.054524183273 0.000315545172 -0.003466430384 -0.010399717739 0.999939863273
1511448002.396600008011 42.995140075684 0.224048614502 -0.053503513336 -0.000081544787 -0.003200326645 -0.009635923352 0.999948448792
1511448002.606286048889 43.303905487061 0.227703526616 -0.050151981413 0.000243720299 -0.003258767014 -0.011459533433 0.999928997545
1511448002.815989971161 43.584045410156 0.238063603640 -0.045071657747 0.000642606692 -0.003047402280 -0.011208136818 0.999932336743
1511448003.025646924973 43.876995086670 0.260690689087 -0.050703309476 0.000231019620 -0.002905668045 -0.011101835302 0.999934124318
1511448003.235304117203 44.175354003906 0.245205163956 -0.045688383281 0.000145911581 -0.002810016259 -0.011338607078 0.999931756925
1511448003.444993019104 44.450489044189 0.242765009403 -0.045220930129 -0.000024088537 -0.002880248185 -0.012266915969 0.999920610030
1511448003.654664039612 44.729782104492 0.244606927037 -0.036333605647 -0.000059963268 -0.002707246550 -0.012636317663 0.999916491861
1511448003.864335060120 45.023883819580 0.239836618304 -0.032700061798 -0.000266915801 -0.002396873562 -0.012718982281 0.999916202110
1511448004.074027061462 45.316955566406 0.246980950236 -0.035345092416 0.000240904309 -0.002559590837 -0.012612313254 0.999917156576
1511448004.283709049225 45.612808227539 0.255688250065 -0.032524142414 -0.000063432153 -0.002328370590 -0.012507267006 0.999919068194
1511448004.493396043777 45.878723144531 0.256002426147 -0.033810917288 0.000210104245 -0.002399905505 -0.012856758436 0.999914446376
1511448004.703080892563 46.178237915039 0.252213388681 -0.037725560367 -0.000245443263 -0.002690420713 -0.012929804548 0.999912756968
1511448004.912738084793 46.477279663086 0.282896071672 -0.038801081479 -0.000377415193 -0.002485300375 -0.012679487595 0.999916452227
1511448005.122400999069 46.765384674072 0.274563074112 -0.034900724888 0.000542944241 -0.002645672808 -0.013895836288 0.999899800660
1511448005.332093000412 47.058441162109 0.279939502478 -0.039826299995 0.000466255897 -0.002488578507 -0.014329675236 0.999894119390
1511448005.541779994965 47.357482910156 0.277721256018 -0.029152616858 0.000002804387 -0.003214703073 -0.014070615914 0.999895836297
1511448005.751449108124 47.645782470703 0.281077235937 -0.033570013940 0.000012288462 -0.003525996693 -0.014619620333 0.999886910554
1511448005.961127996445 47.919872283936 0.297208338976 -0.028520282358 -0.000019660391 -0.003191803492 -0.015362373036 0.999876897172
1511448006.170860052109 48.213226318359 0.297849386930 -0.030202679336 0.000221142875 -0.003280860409 -0.015324865934 0.999877160223
1511448006.380502939224 48.499694824219 0.286334335804 -0.027505204082 0.000100737087 -0.003146605850 -0.014426478043 0.999890976784
1511448006.590207099915 48.785667419434 0.291673243046 -0.027232924476 0.000217754320 -0.003435616254 -0.013826592341 0.999898482081
1511448006.799853086472 49.094570159912 0.285627275705 -0.022332293913 -0.000108832831 -0.003319630243 -0.014686874438 0.999886625538
1511448007.009540081024 49.372703552246 0.294281691313 -0.026137299836 -0.000260697297 -0.003095401114 -0.014489591663 0.999890195103
1511448007.219188928604 49.667282104492 0.289652824402 -0.023669090122 -0.000645849662 -0.003237948736 -0.014698234379 0.999886523798
1511448007.428879976273 49.957828521729 0.285896480083 -0.020330775529 -0.000171242688 -0.003061018815 -0.014745112763 0.999886584813
1511448007.638571977615 50.252662658691 0.307948499918 -0.014934351668 -0.000148660691 -0.003282637597 -0.013843639314 0.999898772797
1511448007.848234891891 50.526714324951 0.313904136419 -0.018336994573 0.000175302678 -0.002915596866 -0.014050308995 0.999897023388
1511448008.057931900024 50.830661773682 0.324298501015 -0.013737699017 0.000102509128 -0.002936568926 -0.012879094061 0.999912743689
1511448008.267600059509 51.117317199707 0.323455661535 -0.004772601649 -0.000450368951 -0.002666545206 -0.013163094216 0.999909705751
1511448008.477282047272 51.407432556152 0.334489911795 -0.002386059379 0.000333787762 -0.002431720466 -0.013094016521 0.999911257089
1511448008.686965942383 51.695022583008 0.319051504135 -0.002780752257 0.000278554012 -0.002333995535 -0.012882393393 0.999914255730
1511448008.896614074707 51.985782623291 0.321320235729 -0.000653141644 0.000223333179 -0.002362905015 -0.012493924187 0.999919131060
1511448009.106293916702 52.274299621582 0.330653339624 -0.002940574195 0.000572054970 -0.002462840328 -0.011408057100 0.999931729371
1511448009.315978050232 52.557327270508 0.337272107601 -0.003151876619 -0.000050731864 -0.002570478978 -0.011277611588 0.999933100533
1511448009.525649070740 52.852165222168 0.332633167505 -0.004711792339 -0.001250906229 -0.001684802623 -0.011327650351 0.999933638304
1511448009.735333919525 53.144973754883 0.347651690245 0.001353345346 0.000728062195 -0.002947631148 -0.011100665426 0.999933776119
1511448009.945005893707 53.445430755615 0.349161028862 -0.002823349321 0.000276752694 -0.003148223499 -0.010846657379 0.999936179024
1511448010.154690027237 53.726913452148 0.353720158339 -0.001949399593 0.000983174980 -0.002688843317 -0.010604618397 0.999939670959
1511448010.364350080490 54.021842956543 0.361529439688 0.002952770097 0.000598415580 -0.002665779630 -0.010182121321 0.999944428417
1511448010.574043035507 54.304313659668 0.364892512560 0.005886043888 0.000899486101 -0.002636920465 -0.009899507409 0.999947117266
1511448010.783699989319 54.603225708008 0.381751120090 0.009849950671 0.001028665046 -0.002603838439 -0.009733623212 0.999948707911
1511448010.993391036987 54.901172637939 0.374281734228 0.007613741327 0.000402239526 -0.002784386079 -0.009888512254 0.999947149965
1511448011.203136920929 55.186996459961 0.383482456207 0.017164956778 0.000710610726 -0.002362176988 -0.009160039358 0.999955003403
1511448011.412816047668 55.468025207520 0.404765695333 0.013263002038 0.000249622286 -0.002469889686 -0.008914512225 0.999957183486
1511448011.622422933578 55.767604827881 0.387226492167 0.017322696745 0.000662647527 -0.002824351684 -0.009841959361 0.999947358500
1511448011.832118988037 56.055980682373 0.396320044994 0.012283388525 0.000620969087 -0.002629700104 -0.009704650729 0.999949258127
1511448012.041789054871 56.357360839844 0.400120139122 0.019837744534 0.000172309206 -0.002441327297 -0.009437370779 0.999952472002
1511448012.251461029053 56.656951904297 0.406280726194 0.017397062853 0.000410788420 -0.002699704543 -0.008493160517 0.999960203744
1511448012.461139917374 56.948139190674 0.402805656195 0.022613672540 0.000301802783 -0.002837584713 -0.008496563226 0.999959831914
1511448012.670813083649 57.237079620361 0.436907708645 0.027055561543 0.000267241396 -0.002677032621 -0.009283072725 0.999953292229
1511448012.880498886108 57.526748657227 0.430994361639 0.026943188161 0.000497377997 -0.002596448296 -0.008325702581 0.999961846146
1511448013.090215921402 57.821201324463 0.430840820074 0.022663235664 0.000171739586 -0.002866553661 -0.007607985612 0.999966935419
1511448013.299854993820 58.116519927979 0.442884504795 0.021272934973 -0.000150134224 -0.003060500626 -0.007716555242 0.999965532191
1511448013.509526968002 58.405036926270 0.445766270161 0.021268570796 -0.000302528897 -0.002989096697 -0.006920502742 0.999971539805
1511448013.719217061996 58.701568603516 0.468316107988 0.025656452402 -0.000341619639 -0.003115755740 -0.006938236641 0.999971017697
1511448013.928881883621 58.987316131592 0.467947542667 0.022814523429 0.000507341628 -0.002870005599 -0.007046008335 0.999970929297
1511448014.138567924500 59.276123046875 0.474020421505 0.024592174217 0.000016067934 -0.002755655170 -0.007475607720 0.999968260194
1511448014.348279953003 59.566978454590 0.485455483198 0.030432403088 0.000170951274 -0.002968021616 -0.006542743886 0.999974176729
1511448014.557914018631 59.866676330566 0.484895080328 0.034976135939 -0.000094362762 -0.003167876547 -0.005910630576 0.999977509797
1511448014.767714977264 60.159778594971 0.491075515747 0.031611386687 -0.000028995541 -0.003511905194 -0.004958826898 0.999981537688
1511448014.977282047272 60.440353393555 0.496348679066 0.039717573673 -0.000294730039 -0.003222830201 -0.004903256353 0.999982742140
1511448015.186949014664 60.741172790527 0.518618524075 0.035209424794 -0.000008032480 -0.003477786627 -0.006440199917 0.999973214022
1511448015.396631956100 61.023605346680 0.533636629581 0.037117633969 -0.000369635301 -0.003233913523 -0.006527687277 0.999973396882
1511448015.606302976608 61.306819915771 0.526062965393 0.032745324075 -0.000377186432 -0.003569600638 -0.005253966333 0.999979755555
1511448015.815989017487 61.603832244873 0.530002713203 0.042079072446 0.000272780362 -0.003314577883 -0.005250229189 0.999980686942
1511448016.025638103485 61.888900756836 0.540298342705 0.038694202900 -0.000035164349 -0.003444667337 -0.004788675717 0.999982600656
1511448016.235342979431 62.177722930908 0.543094217777 0.038196463138 0.000250037193 -0.003624979279 -0.005703888181 0.999977131072
1511448016.445003032684 62.453990936279 0.572760403156 0.041913814843 -0.000090642262 -0.003259964676 -0.004862855995 0.999982858376
1511448016.654685974121 62.734027862549 0.571069061756 0.056261096150 -0.001299168756 -0.003496621544 -0.005217842833 0.999979429746
1511448016.864367008209 63.025856018066 0.578147292137 0.050425130874 -0.000698374502 -0.003319615750 -0.004368706321 0.999984703298
1511448017.074049949646 63.331340789795 0.596060216427 0.053578648716 -0.000767785008 -0.003172983636 -0.003870685687 0.999987180154
1511448017.283727884293 63.601001739502 0.602543473244 0.053158491850 -0.000575421289 -0.003373464074 -0.003952232409 0.999986334151
1511448017.493380069733 63.890644073486 0.600565612316 0.053166620433 -0.000602819957 -0.003011805863 -0.003574539492 0.999988894089
1511448017.703082084656 64.174217224121 0.597278654575 0.053791288286 -0.000865393339 -0.002903241674 -0.002960872936 0.999991027717
1511448017.912744045258 64.470657348633 0.621882498264 0.047077413648 -0.001623770424 -0.002290172875 -0.003440188857 0.999990141741
1511448018.122442960739 64.759262084961 0.631967902184 0.054965466261 -0.001180090532 -0.002493144192 -0.003396625150 0.999990427232
1511448018.332144975662 65.039627075195 0.661879658699 0.056179378182 -0.001383939092 -0.002204099395 -0.001281962069 0.999995791607
1511448018.541815996170 65.344314575195 0.656819760799 0.060925386846 -0.001043983589 -0.002290277430 -0.001831876497 0.999995154466
1511448018.751516103745 65.616401672363 0.665570139885 0.060466386378 -0.000828121351 -0.002697975739 -0.002866676583 0.999991908621
1511448018.961138963699 65.899337768555 0.657719790936 0.060509186238 -0.000440785285 -0.002576584014 -0.003289088859 0.999991174370
1511448019.170849084854 66.187263488770 0.668811142445 0.073068395257 -0.000645573732 -0.002096462842 -0.002495596549 0.999994480023
1511448019.380542039871 66.480819702148 0.680388152599 0.063601441681 -0.000396452174 -0.003007370791 -0.001802253713 0.999993775195
1511448019.590182065964 66.762260437012 0.687718987465 0.063195504248 -0.001028710760 -0.003109182456 -0.001094039075 0.999994038891
1511448019.799844026566 67.055854797363 0.707766592503 0.069148518145 -0.001106890249 -0.002813406148 -0.002109940745 0.999993203822
1511448020.009562969208 67.346366882324 0.706889569759 0.079357050359 -0.000641376740 -0.002458560861 -0.002192741405 0.999994367984
1511448020.219208002090 67.619606018066 0.725244104862 0.077104888856 -0.000589872407 -0.002830477496 -0.001366716476 0.999994886254
1511448020.428889989853 67.923271179199 0.740364611149 0.075760573149 -0.001250824477 -0.002669182090 -0.000473924959 0.999995543140
1511448020.638556003571 68.225791931152 0.745905995369 0.078660055995 -0.001457753550 -0.002554536020 -0.000647867280 0.999995464774
1511448020.848283052444 68.509933471680 0.747898459435 0.083608940244 -0.001035622819 -0.002250656418 -0.001681849378 0.999995516697
1511448021.057926893234 68.776016235352 0.764711201191 0.089694902301 -0.001790598278 -0.002361060585 -0.001962241579 0.999993684359
1511448021.267585039139 69.079757690430 0.782159328461 0.077860631049 -0.000575866622 -0.002520999075 -0.001067508516 0.999996086676
1511448021.477283000946 69.370574951172 0.779461860657 0.082499019802 -0.001005055774 -0.002540835106 -0.001186637324 0.999995562946
1511448021.686954021454 69.662101745605 0.796949088573 0.084895506501 -0.001264224172 -0.002446173914 -0.001288071740 0.999995379410
1511448021.896629095078 69.938293457031 0.808724522591 0.093216791749 -0.000739914771 -0.002914323302 -0.000493019849 0.999995358078
1511448022.106292009354 70.217086791992 0.820297062397 0.092277675867 -0.000547165635 -0.002714444867 0.000552033527 0.999996013821
1511448022.315968036652 70.531036376953 0.834551751614 0.091339312494 -0.000757577634 -0.003245805906 -0.000303362256 0.999994399380
1511448022.525659084320 70.822113037109 0.856397926807 0.090407483280 -0.001125228841 -0.003140640949 -0.000327192899 0.999994381574
1511448022.735338926315 71.113510131836 0.862880170345 0.088208466768 -0.000953348847 -0.003115723274 -0.000494519363 0.999994569408
1511448022.945019006729 71.411735534668 0.866850912571 0.088777124882 -0.000639804578 -0.003093692294 -0.000579118907 0.999994842156
1511448023.154679059982 71.689575195312 0.877955079079 0.098270460963 -0.001573517488 -0.003030021646 -0.000687624374 0.999993935074
1511448023.364367008209 71.968116760254 0.892829716206 0.091768108308 -0.000814135004 -0.003080985253 -0.001268750684 0.999994117476
1511448023.574048995972 72.263587951660 0.916186571121 0.104053013027 -0.000999200380 -0.002331954134 -0.001382791205 0.999995825730
1511448023.783732891083 72.566169738770 0.923238039017 0.101781614125 -0.000484468971 -0.002718459991 -0.000654450142 0.999995973472
1511448023.993412017822 72.850471496582 0.922989606857 0.104063101113 -0.000952132510 -0.002615040463 0.000599530234 0.999995947777
1511448024.203071117401 73.133079528809 0.938428580761 0.103833749890 -0.001173111399 -0.002465249285 0.000312772122 0.999996224257
1511448024.412758111954 73.424331665039 0.944482982159 0.100330993533 -0.001558314483 -0.002457156666 0.000187154731 0.999995749496
1511448024.622472047806 73.734649658203 0.935849428177 0.104039557278 -0.001124258446 -0.002558287000 -0.000957994634 0.999995636719
1511448024.832133054733 74.031379699707 0.940711140633 0.101505830884 -0.000445785153 -0.002522863002 -0.001698612320 0.999995275566
1511448025.041825056076 74.306304931641 0.976276397705 0.110486380756 -0.001688501879 -0.002524582554 -0.001724937622 0.999993899999
1511448025.251488924026 74.611953735352 0.985842108727 0.109059065580 -0.001014743779 -0.002388999035 -0.000601726688 0.999996450446
1511448025.461204051971 74.912017822266 0.990939080715 0.109041757882 -0.001287720178 -0.002351647506 0.000477625589 0.999996291695
1511448025.670835018158 75.190452575684 1.013482928276 0.114969708025 -0.001397712547 -0.002040138344 -0.000376072677 0.999996871397
1511448025.880551099777 75.487144470215 1.021086215973 0.115850985050 -0.001328842610 -0.002050591707 0.000096932171 0.999997009923
1511448026.090183973312 75.773284912109 1.025257945061 0.116523616016 -0.001269394782 -0.002027596427 0.000840375963 0.999996785624
1511448026.299869060516 76.076759338379 1.028674364090 0.117353126407 -0.001649680453 -0.001723303789 0.000614524762 0.999996965564
1511448026.509572029114 76.365661621094 1.041442990303 0.113308273256 -0.002330613523 -0.001441715246 0.000762026662 0.999995954498
1511448026.719218969345 76.666526794434 1.065750241280 0.117180757225 -0.002031291934 -0.001583948037 -0.000262796569 0.999996647944
1511448026.928886890411 76.968467712402 1.074091911316 0.114407204092 -0.002427606465 -0.001318879816 -0.000460677717 0.999996077522
1511448027.138565063477 77.272552490234 1.084637045860 0.118833005428 -0.002228619629 -0.001435004862 0.000267735175 0.999996451160
1511448027.348253011703 77.572761535645 1.098633766174 0.126326069236 -0.003148943073 -0.001481925306 0.001152881162 0.999993279437
1511448027.557931900024 77.872879028320 1.107515692711 0.132065221667 -0.003334188807 -0.001761589129 0.001136108952 0.999992244593
1511448027.767616987228 78.171646118164 1.118965983391 0.128476530313 -0.003305044982 -0.001531176114 0.000836061051 0.999993016565
1511448027.977281093597 78.470436096191 1.127117276192 0.125877410173 -0.003695064815 -0.001812270955 0.000939968402 0.999991089275
1511448028.186959981918 78.764282226562 1.139668345451 0.128361418843 -0.003657214596 -0.001566250372 0.001365386086 0.999991153642
1511448028.396631956100 79.065498352051 1.162465095520 0.126069709659 -0.003931512434 -0.001816404790 0.000964299595 0.999990156957
1511448028.606312036514 79.369194030762 1.166905403137 0.120897322893 -0.004382115631 -0.002298788216 0.000299078908 0.999987711518
1511448028.815983057022 79.677536010742 1.172396779060 0.126429855824 -0.003769518054 -0.002602609931 -0.000331854914 0.999989453458
1511448029.025681972504 79.955238342285 1.191836953163 0.121625348926 -0.004896469889 -0.002691955533 0.001564908341 0.999983164368
1511448029.235347032547 80.258827209473 1.201188445091 0.124904781580 -0.004055325158 -0.002742806099 0.000980996052 0.999987534422
1511448029.445019006729 80.558021545410 1.216165184975 0.127589821815 -0.004243164407 -0.003125343439 0.000615669596 0.999985924269
1511448029.654695034027 80.862785339355 1.238876342773 0.127442359924 -0.004132706703 -0.003107530232 0.001633098303 0.999985298382
1511448029.864377975464 81.153244018555 1.259428501129 0.134377300739 -0.004848322052 -0.003070587008 0.001494825879 0.999982415228
1511448030.074048042297 81.458053588867 1.259556889534 0.131023153663 -0.004423828255 -0.003195321976 0.001449736872 0.999984058835
1511448030.283734083176 81.745628356934 1.260797977448 0.133196309209 -0.005053845251 -0.003113567062 0.001996656182 0.999980388664
1511448030.493423938751 82.043891906738 1.271121025085 0.137878105044 -0.005176934083 -0.002511790343 0.002264119672 0.999980881830
1511448030.703089952469 82.353904724121 1.291919469833 0.134596243501 -0.005268729311 -0.002719424843 0.000852265494 0.999982059271
1511448030.912790060043 82.647796630859 1.303578376770 0.129594400525 -0.005841716935 -0.002629585221 0.001137069369 0.999978833125
1511448031.122478008270 82.934501647949 1.311197519302 0.133034139872 -0.005870297608 -0.002521282840 0.000771535831 0.999979293521
1511448031.332129955292 83.238182067871 1.327885985374 0.137231945992 -0.005172511694 -0.002389377275 0.001504171005 0.999982636584
1511448031.541866064072 83.526916503906 1.342953681946 0.142615437508 -0.005965961876 -0.002432621632 0.001634936449 0.999977908073
1511448031.751488924026 83.829719543457 1.352515578270 0.137907743454 -0.006011273708 -0.002528016184 0.002109632609 0.999976511311
1511448031.961157083511 84.122451782227 1.371210813522 0.141298636794 -0.006450834409 -0.002529495588 0.001707128310 0.999974536726
1511448032.170855045319 84.417976379395 1.375331521034 0.138115718961 -0.005663310003 -0.002589089423 0.002252187147 0.999978075354
1511448032.380513906479 84.710647583008 1.384803771973 0.144679114223 -0.006143077882 -0.002654823719 0.002056936357 0.999975491459
1511448032.590189933777 84.996520996094 1.394075036049 0.157979965210 -0.006046331533 -0.002368326627 0.001885004405 0.999977139570
1511448032.799875020981 85.292259216309 1.417774319649 0.165058225393 -0.006027688966 -0.002301125990 0.000740602619 0.999978911424
1511448033.009593963623 85.590080261230 1.429181814194 0.160831525922 -0.006431694873 -0.002254450290 -0.000465696042 0.999976666669
1511448033.219264030457 85.890953063965 1.423230648041 0.153582796454 -0.007174895652 -0.002235309016 -0.002305280852 0.999969104496
1511448033.428952932358 86.199272155762 1.436924695969 0.153884097934 -0.007077897375 -0.002644569709 -0.003773518180 0.999964334454
1511448033.638602972031 86.500221252441 1.456213593483 0.158090770245 -0.007545849219 -0.002825353362 -0.003674217472 0.999960788063
1511448033.848268032074 86.787078857422 1.461104512215 0.154044792056 -0.007665694782 -0.002737162620 -0.004886419381 0.999954932969
1511448034.057940959930 87.084846496582 1.475614309311 0.154518648982 -0.007897112661 -0.002489269739 -0.005391068670 0.999951186572
1511448034.267623901367 87.391525268555 1.482163906097 0.159113124013 -0.008553328513 -0.002296968841 -0.006103998787 0.999942151179
1511448034.477292060852 87.683799743652 1.490140080452 0.160637199879 -0.008794033786 -0.002050175309 -0.007709465478 0.999929510462
1511448034.686969041824 87.984428405762 1.495806694031 0.161905705929 -0.008284551091 -0.002135205016 -0.008512020043 0.999927173662
1511448034.896642923355 88.283500671387 1.498540878296 0.166028380394 -0.008481330299 -0.002466369169 -0.008445627843 0.999925324927
1511448035.106336116791 88.588050842285 1.506462097168 0.167007908225 -0.008189197283 -0.002569609304 -0.009438733724 0.999918618919
1511448035.316042900085 88.885192871094 1.529045820236 0.164453431964 -0.008741006132 -0.002499778169 -0.010041322940 0.999908254669
1511448035.525677919388 89.193840026855 1.516283750534 0.165589243174 -0.008348918707 -0.002566221859 -0.011537270399 0.999895295245
1511448035.735341072083 89.490356445312 1.521531701088 0.164569616318 -0.008534338473 -0.002976467037 -0.012700576599 0.999878493150
1511448035.945030927658 89.796882629395 1.535019040108 0.167069584131 -0.008871872170 -0.003172587449 -0.012606981854 0.999876136620
1511448036.154716014862 90.103950500488 1.545721530914 0.179589718580 -0.009990375206 -0.003516221796 -0.013024023453 0.999859091773
1511448036.364398002625 90.381256103516 1.545888066292 0.171603336930 -0.009079997720 -0.003746546991 -0.014511520182 0.999846454616
1511448036.574071884155 90.680145263672 1.548383712769 0.172558993101 -0.009362043941 -0.003625778272 -0.015392345179 0.999831126528
1511448036.783740043640 90.979217529297 1.532858729362 0.175202563405 -0.009451569318 -0.003425639664 -0.016014206335 0.999821223032
1511448036.993416070938 91.271316528320 1.534195899963 0.178063035011 -0.009542040006 -0.003221918802 -0.015880132893 0.999823179413
1511448037.203083038330 91.573982238770 1.545774459839 0.177584290504 -0.010143102741 -0.003048599398 -0.017378403423 0.999792885853
1511448037.412771940231 91.871208190918 1.562599420547 0.182991147041 -0.009416662509 -0.002900070937 -0.017530637690 0.999797775952
1511448037.622456073761 92.168998718262 1.559115290642 0.180838212371 -0.009445243550 -0.002842571644 -0.017545809975 0.999797405334
1511448037.832156896591 92.477745056152 1.549895882607 0.184441760182 -0.009227248080 -0.002867502897 -0.019097772302 0.999770928970
1511448038.041867017746 92.771690368652 1.551439762115 0.182660311460 -0.009283175514 -0.002736314815 -0.019327418657 0.999766365768
1511448038.251499891281 93.065284729004 1.550681591034 0.178974047303 -0.009423201292 -0.002454775848 -0.019199858264 0.999768244543
1511448038.461174011230 93.360389709473 1.557899594307 0.179201915860 -0.008929590284 -0.002510315817 -0.018903736617 0.999778280157
1511448038.670840978622 93.657531738281 1.553133010864 0.183136150241 -0.009102011500 -0.002462339333 -0.018630980645 0.999781964646
1511448038.880527019501 93.951179504395 1.550810098648 0.192978754640 -0.009412453369 -0.002321126621 -0.019089122945 0.999770785469
1511448039.090224981308 94.248222351074 1.564166307449 0.185837671161 -0.009668893051 -0.002710857356 -0.019595460208 0.999757561461
1511448039.299869060516 94.558189392090 1.566140770912 0.198442891240 -0.009335664142 -0.001942287948 -0.019478317818 0.999764806356
1511448039.509571075439 94.857078552246 1.552530646324 0.191817015409 -0.009552538808 -0.001926823921 -0.019622648348 0.999759965203
1511448039.719222068787 95.144897460938 1.547422289848 0.192667558789 -0.010074979401 -0.001809748557 -0.019520923364 0.999757047063
1511448039.928906917572 95.459465026855 1.546251893044 0.195358261466 -0.009785642296 -0.001429650203 -0.019969363626 0.999751680079
1511448040.138597011566 95.758934020996 1.548360228539 0.196541458368 -0.009804756153 -0.001259010048 -0.020053394900 0.999750040262
1511448040.348287105560 96.062416076660 1.550849795341 0.198433145881 -0.009865231652 -0.001361734434 -0.020617945592 0.999737827234
1511448040.557965993881 96.348396301270 1.551835775375 0.195936381817 -0.009624020222 -0.001247471758 -0.020609570632 0.999740500154
1511448040.767610073090 96.661270141602 1.548244714737 0.202985480428 -0.009800066024 -0.001320947072 -0.020460871618 0.999741749922
1511448040.977291107178 96.971595764160 1.523736119270 0.200993165374 -0.009594266610 -0.001708996052 -0.019418900929 0.999763939972
1511448041.186975955963 97.274719238281 1.550751805305 0.203956991434 -0.009941806386 -0.001956933584 -0.021092229853 0.999726186881
1511448041.396656990051 97.571617126465 1.546844840050 0.204600036144 -0.010144855340 -0.002185089880 -0.020728974512 0.999731272347
1511448041.606326103210 97.878982543945 1.557302474976 0.202506333590 -0.010515148462 -0.002421192839 -0.020283648391 0.999736036705
1511448041.816013097763 98.196594238281 1.547910571098 0.201877042651 -0.010215941459 -0.002523610583 -0.021422757377 0.999715125121
1511448042.025670051575 98.498359680176 1.551649451256 0.203014597297 -0.009999483484 -0.002321645116 -0.021366048699 0.999719016653
1511448042.235357999802 98.799423217773 1.554169893265 0.201802447438 -0.009870309473 -0.002351320966 -0.021456723979 0.999718288958
1511448042.445022106171 99.096748352051 1.557602167130 0.203611463308 -0.010011819075 -0.001957534053 -0.021780821017 0.999710721847
1511448042.654710054398 99.395896911621 1.550851106644 0.208425864577 -0.010091514646 -0.002310363954 -0.022732796885 0.999687973068
1511448042.864387989044 99.708366394043 1.542006134987 0.209731772542 -0.010145705456 -0.002333337091 -0.022875384417 0.999684118603
1511448043.074065923691 100.012176513672 1.530077457428 0.216672286391 -0.010831647666 -0.002143856403 -0.022154045055 0.999693591845
1511448043.283765077591 100.304206848145 1.522678136826 0.207215040922 -0.011004485440 -0.002859075573 -0.021520434027 0.999703755073
1511448043.493438959122 100.596183776855 1.525987029076 0.208001196384 -0.010496068052 -0.002940785053 -0.021197350951 0.999715887966
1511448043.703105926514 100.870323181152 1.523504972458 0.210370451212 -0.010166436097 -0.002848665784 -0.021297978562 0.999717422470
1511448043.912782907486 101.162109375000 1.530018925667 0.218255132437 -0.009684945519 -0.002982634000 -0.022135217014 0.999703625027
1511448044.122459888458 101.434844970703 1.543634176254 0.216198250651 -0.010083779235 -0.002909491975 -0.022495907322 0.999691845724
1511448044.332139968872 101.697319030762 1.545754313469 0.215419158340 -0.009849873187 -0.003015701571 -0.022824531205 0.999686413991
1511448044.541826009750 101.963645935059 1.546834588051 0.219820931554 -0.010493319746 -0.003105714087 -0.022143389613 0.999694910999
1511448044.751535892487 102.218338012695 1.537894964218 0.218758508563 -0.009977265829 -0.002989166784 -0.022817099920 0.999685400013
1511448044.961190938950 102.462120056152 1.521747231483 0.221133902669 -0.009805262597 -0.003141064092 -0.022715425906 0.999688951608
1511448045.170840024948 102.709533691406 1.525627017021 0.226727306843 -0.010091426856 -0.002942221501 -0.022919568646 0.999682049359
1511448045.380549907684 102.952163696289 1.522921323776 0.231012880802 -0.009772665582 -0.002710095700 -0.022887891729 0.999686598290
1511448045.590253114700 103.185638427734 1.509106516838 0.227009072900 -0.010023591927 -0.002828606195 -0.022108477164 0.999701326312
1511448045.799882888794 103.420791625977 1.526371955872 0.222803011537 -0.010227548561 -0.002939472004 -0.022432296188 0.999691726905
1511448046.009582042694 103.651573181152 1.523876667023 0.229292809963 -0.010176723525 -0.002479197911 -0.022788784641 0.999685430108
1511448046.219248056412 103.897354125977 1.519865274429 0.226968228817 -0.010408362161 -0.002665576737 -0.023308304272 0.999670587569
1511448046.428934097290 104.129699707031 1.521019458771 0.227730736136 -0.010444984546 -0.002420159139 -0.023737831712 0.999660722682
1511448046.638601064682 104.355583190918 1.513274788857 0.231072708964 -0.010400091691 -0.002456655979 -0.023863812132 0.999658102255
1511448046.848278999329 104.577346801758 1.516253471375 0.231330931187 -0.010287371783 -0.002690370006 -0.023758247757 0.999661181378
1511448047.057955026627 104.805282592773 1.509694218636 0.238276585937 -0.010863266990 -0.002688172989 -0.023522295622 0.999660674812
1511448047.267636060715 105.023353576660 1.510582804680 0.240052983165 -0.010194699146 -0.002216365187 -0.023898042554 0.999659961885
1511448047.477330923080 105.238990783691 1.497015118599 0.231787860394 -0.009497889225 -0.002357911678 -0.023121396136 0.999684766011
1511448047.686981916428 105.461471557617 1.510580539703 0.230585813522 -0.009495645364 -0.002852033272 -0.023373510760 0.999677636851
1511448047.896730899811 105.678939819336 1.511252999306 0.232647046447 -0.009638482355 -0.002835870626 -0.023284112509 0.999678402088
1511448048.106352090836 105.892044067383 1.505780696869 0.237495094538 -0.009377501289 -0.002791070072 -0.022989468162 0.999687829650
1511448048.316023111343 106.101127624512 1.506754875183 0.237261593342 -0.009246085513 -0.002876425811 -0.022709345185 0.999695214412
1511448048.525688886642 106.307037353516 1.502488493919 0.239298552275 -0.009262916934 -0.003056773734 -0.023076381821 0.999686118292
1511448048.735363006592 106.500999450684 1.497542858124 0.237068638206 -0.009586778609 -0.002894441994 -0.022858455676 0.999688554944
1511448048.945024967194 106.667015075684 1.490207076073 0.234748646617 -0.009456804601 -0.002939845149 -0.023242953046 0.999680794699
1511448049.154715061188 106.817848205566 1.504268407822 0.234475493431 -0.009421293864 -0.003095622710 -0.022944327057 0.999687558289
1511448049.364403963089 106.940750122070 1.508097767830 0.243030071259 -0.009802874270 -0.002864984048 -0.023124250417 0.999680431220
1511448049.574081897736 107.054588317871 1.509479761124 0.242431461811 -0.009785230283 -0.002877862966 -0.023182708594 0.999679213146
1511448049.783756017685 107.139472961426 1.509895801544 0.248691350222 -0.009750288138 -0.002427345634 -0.022967716154 0.999685712556
1511448049.993432044983 107.210525512695 1.498578190804 0.240905508399 -0.009562084161 -0.003073065152 -0.022525324031 0.999695820034
1511448050.203134059906 107.267127990723 1.495084881783 0.242399141192 -0.009606721581 -0.002857794007 -0.022578567421 0.999694829539
1511448050.412802934647 107.304145812988 1.515735268593 0.243134930730 -0.009353750393 -0.002966276713 -0.022194500778 0.999705512984
1511448050.622483968735 107.334403991699 1.495781183243 0.237377300858 -0.009838168191 -0.002855416279 -0.022517654216 0.999693959316
1511448050.832146883011 107.350631713867 1.501228928566 0.238864094019 -0.009798233527 -0.002790962150 -0.021997728516 0.999706109359
1511448051.041826963425 107.356224060059 1.502818584442 0.245660543442 -0.009708281524 -0.002768352494 -0.022122691798 0.999704292279
1511448051.251527070999 107.360305786133 1.506276369095 0.235446840525 -0.008840438152 -0.002874638933 -0.022091373777 0.999712735894
1511448051.461173057556 107.361587524414 1.504393815994 0.244159579277 -0.009204520230 -0.003055003167 -0.021696625087 0.999717560225
1511448051.670867919922 107.359298706055 1.500534057617 0.245686918497 -0.009528511480 -0.003286672009 -0.021959435776 0.999708051601
1511448051.880533933640 107.351387023926 1.499858975410 0.249522686005 -0.009648085151 -0.003158239348 -0.022413835800 0.999697234137
1511448052.090209007263 107.354766845703 1.496312022209 0.245003521442 -0.009760325063 -0.003186436868 -0.022308863877 0.999698403153
1511448052.299906969070 107.354652404785 1.499336719513 0.246273681521 -0.009502379220 -0.003277979803 -0.022373337749 0.999699151443
1511448052.509608030319 107.357353210449 1.496542096138 0.244136825204 -0.009579704854 -0.003352503280 -0.022514127868 0.999695005501
1511448052.719249010086 107.355491638184 1.500362873077 0.245910719037 -0.009446355441 -0.003275922103 -0.022614053723 0.999694272904
1511448052.928946971893 107.356979370117 1.502135276794 0.244979009032 -0.009458584931 -0.003351054495 -0.022363142931 0.999699552587
1511448053.138605117798 107.351821899414 1.502553939819 0.241851568222 -0.009360410772 -0.003292614986 -0.022549006892 0.999696495785
1511448053.348274946213 107.350761413574 1.502784609795 0.245220959187 -0.009621030741 -0.003344446470 -0.022555369460 0.999693705969
1511448053.557945966721 107.360595703125 1.501116275787 0.247329175472 -0.009785716747 -0.003395585442 -0.021915441667 0.999706168413
1511448053.767637968063 107.374946594238 1.496429562569 0.242257744074 -0.009296483272 -0.003381644751 -0.021337286198 0.999723391792
1511448053.977302074432 107.357063293457 1.500819563866 0.244949907064 -0.009075023680 -0.003212146591 -0.022042965074 0.999710675021
1511448054.187022924423 107.359809875488 1.500642538071 0.249764174223 -0.009288371249 -0.003238661511 -0.022204935103 0.999705045545
1511448054.396644115448 107.355911254883 1.501118779182 0.250607192516 -0.009286469539 -0.003197900580 -0.022293101516 0.999703232235
1511448054.606350898743 107.350669860840 1.499516606331 0.248381480575 -0.009383864267 -0.003331108062 -0.022243334078 0.999702996344
1511448054.816025018692 107.352714538574 1.499193072319 0.246412560344 -0.009134337632 -0.003429260482 -0.022416623583 0.999701104849
1511448055.025705099106 107.355728149414 1.500706672668 0.244139000773 -0.009111636618 -0.003564403056 -0.022498960734 0.999698989634
1511448055.235387086868 107.349716186523 1.497921824455 0.241012513638 -0.009330186085 -0.003298111383 -0.022932428676 0.999688038242
1511448055.445038080215 107.363121032715 1.500511765480 0.239095315337 -0.009288533484 -0.003366445736 -0.022263528721 0.999703318729
1511448055.654736042023 107.366104125977 1.502056360245 0.238068938255 -0.009026481281 -0.003033115173 -0.022047239073 0.999711579455
1511448055.864420890808 107.367202758789 1.501799106598 0.242963746190 -0.009130458765 -0.003201133784 -0.021975782134 0.999711684670
1511448056.074107885361 107.359489440918 1.500504612923 0.243871212006 -0.009399039195 -0.003417127245 -0.022349736913 0.999700190339
1511448056.283759117126 107.361663818359 1.504101037979 0.244879573584 -0.009487224188 -0.003459018946 -0.022433137800 0.999697345247
1511448056.493458986282 107.359474182129 1.504310607910 0.246895343065 -0.009576407438 -0.003262116139 -0.022727608355 0.999690505525
1511448056.703118085861 107.357246398926 1.503292202950 0.246829390526 -0.009460558692 -0.003251714743 -0.022598339587 0.999694572971
1511448056.912812948227 107.354927062988 1.508535623550 0.244505420327 -0.009094456656 -0.003123631384 -0.022509953179 0.999700373008
1511448057.122467041016 107.360321044922 1.510405421257 0.245750486851 -0.009194173999 -0.003268380860 -0.021676857717 0.999717409417
1511448057.332148075104 107.361526489258 1.506200551987 0.244250565767 -0.009641248206 -0.003431402389 -0.021933308823 0.999707057980
1511448057.541883945465 107.363395690918 1.503541827202 0.245089024305 -0.009617571886 -0.003428104272 -0.021965671838 0.999706586791
1511448057.751519918442 107.357536315918 1.503379344940 0.242617368698 -0.009488876495 -0.003436532024 -0.022334705068 0.999699611093
1511448057.961182117462 107.358665466309 1.497287750244 0.245669111609 -0.009530885423 -0.003380938472 -0.022292425393 0.999700344727
1511448058.170875072479 107.353485107422 1.494725465775 0.247146859765 -0.009252925193 -0.003277189105 -0.022376122408 0.999701431705
1511448058.380554914474 107.356178283691 1.497565746307 0.252243638039 -0.009594034057 -0.003161374809 -0.022217797863 0.999702120473
1511448058.590251922607 107.351020812988 1.497001528740 0.250359982252 -0.009371572246 -0.003201822418 -0.022068815930 0.999707401858
1511448058.799900054932 107.352088928223 1.494444251060 0.244771212339 -0.009653647020 -0.003397285792 -0.022198807138 0.999701194613
1511448059.009593009949 107.345016479492 1.502244234085 0.246143773198 -0.009357687849 -0.003378205311 -0.021779966714 0.999713286126
1511448059.219250917435 107.354072570801 1.503868222237 0.244025871158 -0.009603739409 -0.003353071521 -0.022162197100 0.999702636848
1511448059.428929090500 107.353401184082 1.498999476433 0.243591114879 -0.009731095477 -0.003374408872 -0.022542094882 0.999692839378
1511448059.638592958450 107.349624633789 1.497777462006 0.244394421577 -0.009730674008 -0.003197282697 -0.022616343724 0.999691748672
1511448059.848285913467 107.348770141602 1.500470995903 0.245481446385 -0.009593322715 -0.003215130186 -0.022554457745 0.999694417076
1511448060.057977914810 107.366683959961 1.502760171890 0.241740107536 -0.009103674621 -0.003145335945 -0.021683951257 0.999718478487
1511448060.267662048340 107.361320495605 1.498330473900 0.242169141769 -0.009364851405 -0.003470512290 -0.021700671290 0.999714627265
1511448060.477313041687 107.354080200195 1.495310187340 0.249528557062 -0.009798888004 -0.003300997983 -0.021941425894 0.999705786237
1511448060.686990976334 107.345443725586 1.497354865074 0.247676923871 -0.009509686086 -0.003161574149 -0.021637519111 0.999715653617
1511448060.896670103073 107.341323852539 1.504835367203 0.248300686479 -0.009402253699 -0.003106098546 -0.021796307891 0.999713394298
1511448061.106345891953 107.350173950195 1.510249257088 0.248106762767 -0.009089326333 -0.003095264616 -0.022230248278 0.999706766780
1511448061.316032886505 107.351478576660 1.498274683952 0.243948221207 -0.009509746023 -0.003428212651 -0.022396509247 0.999698058647
1511448061.525757074356 107.354423522949 1.496979355812 0.244256451726 -0.009564257358 -0.003289270362 -0.022561954330 0.999694285218
1511448061.735387086868 107.357551574707 1.502318859100 0.236897721887 -0.009023261281 -0.003210345642 -0.022438268190 0.999702354982
1511448061.945046901703 107.355041503906 1.500731468201 0.234275832772 -0.009005381239 -0.003197103169 -0.022539371353 0.999700284275
1511448062.154733896255 107.361274719238 1.498060345650 0.237183764577 -0.008968825796 -0.003112695016 -0.022192804760 0.999708632908
1511448062.364417076111 107.356689453125 1.500163316727 0.245329260826 -0.009183074446 -0.003098771151 -0.022509293627 0.999699655127
1511448062.574089050293 107.352645874023 1.496523618698 0.248722508550 -0.009366534888 -0.003173183193 -0.022484243282 0.999698283352
1511448062.783778905869 107.349731445312 1.493100643158 0.248334884644 -0.009648491881 -0.003196454882 -0.022283174890 0.999700029708
1511448062.993434906006 107.352867126465 1.496812343597 0.247795715928 -0.009404462085 -0.003205271761 -0.022094071525 0.999706524101
1511448063.203144073486 107.355766296387 1.499923706055 0.242829650640 -0.009619767060 -0.003389582136 -0.022290097330 0.999699516043
1511448063.412802934647 107.357063293457 1.499187350273 0.237953543663 -0.009988877468 -0.003486603901 -0.022391478817 0.999693296765
1511448063.622544050217 107.357292175293 1.500250101089 0.240715444088 -0.009590392011 -0.003444449930 -0.022718453399 0.999689967951
1511448063.832204103470 107.356468200684 1.501870393753 0.239639490843 -0.009325069256 -0.003045709560 -0.022506582779 0.999698564803
1511448064.041868925095 107.366790771484 1.502726316452 0.245586365461 -0.009738123349 -0.003129353055 -0.021902349701 0.999707788897
1511448064.251516103745 107.365364074707 1.499890923500 0.246402889490 -0.009570020045 -0.003257164584 -0.021899618079 0.999709063840
1511448064.461210012436 107.363151550293 1.503271102905 0.251700371504 -0.009836884183 -0.003226722639 -0.022038719716 0.999703515450
1511448064.670874118805 107.355079650879 1.501295924187 0.246300250292 -0.009593877282 -0.003355108049 -0.022484994527 0.999695516540
1511448064.880580902100 107.353546142578 1.498804092407 0.247809231281 -0.009423103673 -0.003413397252 -0.022387753871 0.999699125894
1511448065.090220928192 107.354110717773 1.498017787933 0.246884316206 -0.009469596342 -0.003422254511 -0.022063233853 0.999705871060
1511448065.299901008606 107.349952697754 1.498997807503 0.245419993997 -0.009484469015 -0.003411635296 -0.022039698560 0.999706285506
1511448065.509613990784 107.349517822266 1.505525708199 0.243910700083 -0.009507477554 -0.003384363434 -0.022160058621 0.999703498922
1511448065.719329118729 107.354263305664 1.502724409103 0.239579871297 -0.010022419544 -0.003395603321 -0.021975908814 0.999702495954
1511448065.928935050964 107.361244201660 1.505253434181 0.241199642420 -0.009965327233 -0.003395501833 -0.022055320911 0.999701318215
1511448066.138614892960 107.365005493164 1.500829815865 0.244287341833 -0.009890642878 -0.003622276727 -0.021938784563 0.999703828154
1511448066.348289012909 107.378173828125 1.500672101974 0.244234651327 -0.009796500750 -0.003682878886 -0.022330483540 0.999695860990
1511448066.557960033417 107.408386230469 1.501559615135 0.240519583225 -0.009640206495 -0.003656434626 -0.022186096075 0.999700692230
1511448066.767653942108 107.444419860840 1.503955841064 0.242771714926 -0.009685070444 -0.003651226703 -0.022320898310 0.999697276906
1511448066.977372884750 107.495841979980 1.505097627640 0.243693560362 -0.009637957960 -0.003692973480 -0.022227488482 0.999699660132
1511448067.187007904053 107.556549072266 1.509339570999 0.243022814393 -0.009471227539 -0.003641246033 -0.022288436374 0.999700086416
1511448067.396673917770 107.610664367676 1.509155511856 0.235548973083 -0.009438908160 -0.004057064294 -0.022169723234 0.999701430735
1511448067.606590032578 107.689735412598 1.509627342224 0.241695627570 -0.009042472615 -0.004009037401 -0.022487052633 0.999698201345
1511448067.816020011902 107.773223876953 1.502353429794 0.241561859846 -0.008885730555 -0.004076276078 -0.022270123131 0.999704190939
1511448068.025726079941 107.861129760742 1.503268837929 0.239495322108 -0.008945161965 -0.004100017481 -0.022327838683 0.999702276457
1511448068.235382080078 107.972213745117 1.501921534538 0.240838825703 -0.009303925243 -0.004164066464 -0.021725902725 0.999711999866
1511448068.445054054260 108.083587646484 1.507162690163 0.238055467606 -0.008932402918 -0.004201718095 -0.021627238630 0.999717370206
1511448068.654748916626 108.175125122070 1.502963423729 0.245575025678 -0.008963849166 -0.004099204191 -0.022097565301 0.999707228913
1511448068.864419937134 108.293045043945 1.503914475441 0.239412635565 -0.008625883734 -0.004235133281 -0.022029112971 0.999711146261
1511448069.074095964432 108.426094055176 1.502723097801 0.234418913722 -0.008168739515 -0.004390357143 -0.021664959200 0.999722274435
1511448069.283761024475 108.558723449707 1.501821756363 0.243188306689 -0.008456978348 -0.004229864279 -0.021015467973 0.999734433673
1511448069.493472099304 108.705055236816 1.499115824699 0.251554697752 -0.008635858766 -0.003728731874 -0.021406413424 0.999726604611
1511448069.703130006790 108.842597961426 1.492953419685 0.241067692637 -0.009334511067 -0.004066454772 -0.020878107502 0.999730181337
1511448069.912815093994 109.005905151367 1.491814374924 0.245327070355 -0.009458583268 -0.003956492522 -0.021023396408 0.999726411661
1511448070.122499942780 109.170074462891 1.491283893585 0.245809108019 -0.009518479043 -0.004048933165 -0.021249112159 0.999720700961
1511448070.332201004028 109.331031799316 1.498063802719 0.247084230185 -0.008999363993 -0.003597877222 -0.021613397562 0.999719424525
1511448070.541836023331 109.497879028320 1.500391483307 0.250138431787 -0.009042389375 -0.003798553678 -0.021262652541 0.999725815307
