23139
23138
22940
23192
22915
21928
22670
22657
22897
23105
23042
23150
23047
23120
22517
22025
22401
22605
22881
23060
22972
23163
23060
22793
22852
22280
22306
22564
22765
23075
23024
23204
23168
22917
23211
22493
22387
22547
22872
23268
23220
23357
23418
23162
23218
22941
22599
23128
23491
23854
24037
24197
24499
24820
24580
25065
24862
25566
25736
25941
26016
26142
26237
26147
26371
26279
25890
26402
26350
26488
26627
26592
26603
26622
26373
26726
26371
26742
26605
26684
26885
26861
27103
27064
27143
26991
27068
27322
27085
26880
27077
27102
27188
27130
26837
26982
26973
26922
26905
26642
26898
27055
27099
27151
27171
27353
27491
27269
27572
27491
27561
27562
27385
27384
27320
26936
27263
27039
27159
27097
27125
26993
26963
27031
27084
27116
26475
27163
27299
27258
27098
27294
27305
27280
27349
27209
27214
27160
27016
27169
27057
27036
27072
26993
27169
27185
27189
26809
27203
27335
27373
27366
27354
27482
27518
27483
27268
27479
27438
27416
27351
27087
27184
27294
27250
27282
27363
27028
27443
27312
27493
27297
27246
27545
27408
27495
27462
27089
27365
27269
27295
27145
26799
26959
26968
26999
27147
27140
26661
27185
27174
27161
27148
27196
27308
27365
27470
27413
27490
27316
27478
27578
27534
27376
27626
27624
27636
27703
27733
27654
27767
27793
27779
27579
27640
27576
27538
27469
27367
27245
27341
27257
27286
27292
27330
27359
27238
27311
27375
27372
27170
27530
27442
27464
27339
27273
27350
27277
27375
27253
27098
27204
27182
27227
27098
27196
27299
27177
27293
27352
27395
27272
27398
27557
27274
27211
27378
27350
27425
27447
27205
27253
27242
27256
27161
26925
27182
27343
27266
27376
27286
27327
27347
27275
27419
26981
27199
27210
27193
27235
27210
26875
27132
27045
27048
26864
27036
26923
27073
27111
27073
27166
26761
27256
27144
27219
27270
27155
27382
27219
27414
27363
27208
27184
27294
27366
27111
27335
27285
27190
27223
27285
27297
26880
27421
27518
27441
27520
27662
27751
27622
27800
27839
27800
27730
27677
27752
27419
27790
27854
27745
27921
27884
27955
27770
27858
27954
27703
27769
27873
27831
27734
27771
27822
27737
27755
27668
27726
27248
27596
27739
27483
27721
27691
27700
27714
27517
27648
27613
27413
27560
27251
27369
27407
27372
27323
27198
27177
26976
27148
27171
27041
27083
27267
27274
27312
27370
27327
27018
26976
27175
26981
26938
26983
27003
26738
26949
26813
26747
26260
26766
26788
26677
26703
26814
26793
26613
26727
26728
26434
26212
26417
26311
26261
26284
26443
26173
26346
26246
26084
26065
25791
25815
25597
25521
25514
25560
25222
25028
24673
24757
24514
24325
24338
24193
24256
24113
23919
23685
23700
24103
23823
23848
23930
23886
23938
24068
24139
23751
23682
23893
23641
23941
23966
23921
23884
24032
24084
23808
23635
23753
23719
24079
23940
23972
23859
24057
23970
23740
23646
23802
23936
24084
23889
23884
23872
23992
24032
23934
23695
23642
24018
23703
23892
23908
23878
23900
24071
24073
23812
23656
23767
23643
24089
23920
23972
23847
24040
24006
23751
23640
23804
23922
24122
23894
23938
23855
24067
24004
23806
23650
23703
24096
23872
23937
23967
23897
23995
24013
24035
23562
23465
23675
23454
23634
23643
23532
23484
23694
23457
23192
23041
23226
22895
23308
23213
